44	12	29	116
150	10000
35	35
35	35
5	5
56	37
27	69
42	7
45	20
17	64
63	65
43	26
46	13
52	41
35	17	7
55	45	13
55	20	19
25	30	3
30	60	16
45	10	18
20	20	8
6	38	16
8	56	27
63	23	2
36	26	18
17	34	3
37	47	6
57	48	23
15	19	1
22	22	2
19	21	10
20	26	9
49	49	30
20	26	9
21	47	15
17	63	19
36	16	10
17	33	41
7	38	28
27	68	7
58	48	6
38	46	12
46	10	23
45	35	15
59	15	14
5	6	7
56	37	10
22	22	18
36	26	26
45	35	30
55	20	21
55	45	16
9	56	13
35	16	29
60	15	14
30	60	16
16	19	18
21	48	17
62	48	15
5	30	2
11	14	18
4	18	35
57	58	28
22	27	11
26	29	27
58	27	19
16	57	16
18	18	17
52	26	13
55	34	17
12	24	13
63	69	6
31	76	25
27	43	9
26	59	29
50	15	19
49	73	25
20	40	12
62	24	8
48	21	20
40	25	9
33	44	20
48	28	18
54	10	12
40	60	21
40	30	21
10	20	19
41	49	10
15	30	26
20	50	5
10	43	9
55	60	16
20	65	12
50	35	19
30	25	23
15	10	20
30	5	8
15	60	17
45	65	9
55	5	29
65	35	3
65	20	6
45	30	17
35	40	16
41	37	16
64	42	9
31	52	27
35	69	23
53	52	11
65	55	14
2	60	5
60	12	31
24	12	5
23	3	7
2	48	1
13	52	36
6	68	30
47	47	13
49	58	10
37	31	14
57	29	18
53	12	6
32	12	7
21	24	28
24	58	19
15	77	9
62	77	20
67	5	25
56	39	36
37	56	5
57	68	15
47	16	25
44	17	9
49	11	18
49	42	13
53	43	14
61	52	3
55	54	26
15	47	16
14	37	11
11	31	7
16	22	41
28	18	26
26	52	9
26	35	15
31	67	3
18	24	22
26	27	27
25	24	20
25	21	12
37	52	7
52	64	16
31	62	23
52	33	11
51	21	5
42	41	19
31	32	29
5	25	23
12	42	21
27	23	3
13	13	9
62	42	8
42	57	8
8	52	10
30	48	15
43	67	14
37	69	11
61	33	26
62	63	17
32	22	9
10	17	27
21	10	13
5	64	11
30	15	16
39	10	10
32	39	5
25	32	25
25	55	17
21	45	11
33	34	19
50	50	15
40	66	26
55	65	37
35	51	16
62	35	12
62	57	31
21	36	19
66	14	22
44	13	28
26	13	12
11	28	6
7	43	27
41	46	18
22	53	28
50	40	19
55	50	10
47	66	24
30	50	33
12	17	15
15	14	11
50	30	21
51	42	27
12	38	5
