25	7	14	56
150	10000
35	35
35	35
10	20
55	5
30	60
57	68
26	52
55	45	13
25	30	3
45	20	11
45	10	18
53	52	11
20	20	8
21	24	28
56	39	36
47	16	25
44	17	9
46	13	8
53	43	14
56	37	6
55	54	26
16	22	41
15	19	1
22	22	2
18	24	22
26	27	27
25	24	20
22	27	11
25	21	12
19	21	10
20	26	9
18	18	17
40	60	21
40	25	9
57	29	18
11	14	18
24	58	19
37	31	14
55	60	16
49	73	25
15	10	20
30	5	8
49	42	13
5	30	2
53	12	6
45	65	9
41	49	10
35	17	7
55	20	19
15	30	26
20	50	5
10	43	9
20	65	12
50	35	19
30	25	23
20	40	12
15	60	17
65	35	3
65	20	6
45	30	17
35	40	16
41	37	16
64	42	9
31	52	27
35	69	23
65	55	14
63	65	8
2	60	5
5	5	16
60	12	31
42	7	5
24	12	5
23	3	7
6	38	16
2	48	1
8	56	27
13	52	36
6	68	30
47	47	13
49	58	10
27	43	9
63	23	2
32	12	7
36	26	18
17	34	3
12	24	13
27	69	10
15	77	9
62	77	20
67	5	25
37	47	6
37	56	5
49	11	18
61	52	3
57	48	23
15	47	16
14	37	11
11	31	7
4	18	35
28	18	26
26	35	15
31	67	3
