49	7	29	116
150	10000
35	35
35	35
12	38
21	10
41	49
44	17
47	66
35	17	7
55	45	13
55	20	19
25	30	3
30	60	16
45	10	18
20	20	8
5	5	16
6	38	16
8	56	27
63	23	2
36	26	18
17	34	3
27	69	10
37	47	6
57	48	23
56	37	6
15	19	1
22	22	2
19	21	10
20	26	9
49	49	30
20	26	9
21	47	15
17	63	19
36	16	10
52	41	15
17	33	41
7	38	28
27	68	7
58	48	6
38	46	12
46	10	23
45	35	15
59	15	14
5	6	7
56	37	10
22	22	18
36	26	26
45	35	30
55	20	21
55	45	16
9	56	13
17	64	14
35	16	29
60	15	14
30	60	16
16	19	18
21	48	17
61	33	26
5	30	2
32	39	5
52	26	13
21	45	11
52	64	16
44	13	28
64	42	9
4	18	35
67	5	25
51	42	27
49	73	25
15	10	20
24	58	19
15	77	9
43	67	14
31	76	25
62	57	31
30	48	15
37	52	7
62	35	12
66	14	22
15	14	11
22	53	28
28	18	26
40	30	21
2	48	1
53	12	6
32	22	9
15	30	26
20	50	5
10	43	9
55	60	16
20	65	12
50	35	19
30	25	23
30	5	8
10	20	19
20	40	12
15	60	17
45	65	9
45	20	11
55	5	29
65	35	3
65	20	6
45	30	17
35	40	16
41	37	16
40	60	21
31	52	27
35	69	23
53	52	11
65	55	14
63	65	8
2	60	5
60	12	31
40	25	9
42	7	5
24	12	5
23	3	7
11	14	18
13	52	36
6	68	30
47	47	13
49	58	10
27	43	9
37	31	14
57	29	18
32	12	7
21	24	28
12	24	13
62	77	20
56	39	36
37	56	5
57	68	15
47	16	25
46	13	8
49	11	18
49	42	13
53	43	14
61	52	3
55	54	26
15	47	16
14	37	11
11	31	7
16	22	41
26	52	9
26	35	15
31	67	3
18	24	22
26	27	27
25	24	20
22	27	11
25	21	12
18	18	17
31	62	23
52	33	11
51	21	5
42	41	19
31	32	29
5	25	23
12	42	21
27	23	3
13	13	9
57	58	28
62	42	8
42	57	8
16	57	16
8	52	10
58	27	19
37	69	11
62	63	17
63	69	6
10	17	27
5	64	11
30	15	16
39	10	10
25	32	25
25	55	17
48	28	18
33	34	19
50	50	15
26	59	29
40	66	26
55	65	37
35	51	16
62	24	8
21	36	19
33	44	20
62	48	15
26	13	12
11	28	6
7	43	27
41	46	18
55	34	17
43	26	22
26	29	27
50	40	19
55	50	10
54	10	12
30	50	33
12	17	15
50	30	21
50	15	19
48	21	20
