43	22	27	109
150	10000
35	35
35	35
17	34
47	47
26	35
62	42
67	5
31	52
2	60
47	16
35	17
13	13
20	20
51	42
55	20
11	31
10	20
46	13
10	17
57	29
7	38
17	33
55	45	13
55	20	19
25	30	3
30	60	16
45	10	18
5	5	16
6	38	16
8	56	27
63	23	2
36	26	18
27	69	10
37	47	6
57	48	23
56	37	6
15	19	1
22	22	2
19	21	10
20	26	9
49	49	30
20	26	9
21	47	15
17	63	19
36	16	10
52	41	15
27	68	7
58	48	6
38	46	12
46	10	23
45	35	15
59	15	14
5	6	7
56	37	10
22	22	18
36	26	26
45	35	30
55	45	16
9	56	13
17	64	14
35	16	29
60	15	14
30	60	16
16	19	18
21	48	17
55	5	29
20	40	12
21	24	28
49	11	18
7	43	27
60	12	31
2	48	1
49	58	10
53	12	6
25	21	12
50	50	15
37	52	7
62	63	17
31	62	23
16	22	41
55	50	10
25	24	20
30	15	16
25	55	17
20	65	12
26	27	27
51	21	5
15	77	9
62	24	8
41	49	10
30	5	8
21	10	13
15	30	26
20	50	5
10	43	9
55	60	16
50	35	19
30	25	23
15	10	20
5	30	2
15	60	17
45	65	9
45	20	11
65	35	3
65	20	6
45	30	17
35	40	16
41	37	16
64	42	9
40	60	21
35	69	23
53	52	11
65	55	14
63	65	8
40	25	9
42	7	5
24	12	5
23	3	7
11	14	18
13	52	36
6	68	30
27	43	9
37	31	14
32	12	7
12	24	13
24	58	19
62	77	20
49	73	25
56	39	36
37	56	5
57	68	15
44	17	9
49	42	13
53	43	14
61	52	3
55	54	26
15	47	16
14	37	11
4	18	35
28	18	26
26	52	9
31	67	3
18	24	22
22	27	11
18	18	17
52	64	16
40	30	21
52	33	11
42	41	19
31	32	29
5	25	23
12	42	21
27	23	3
57	58	28
42	57	8
16	57	16
8	52	10
30	48	15
43	67	14
58	27	19
37	69	11
61	33	26
63	69	6
32	22	9
5	64	11
39	10	10
32	39	5
25	32	25
48	28	18
21	45	11
33	34	19
26	59	29
40	66	26
55	65	37
35	51	16
62	35	12
62	57	31
21	36	19
33	44	20
62	48	15
66	14	22
44	13	28
26	13	12
11	28	6
41	46	18
55	34	17
52	26	13
43	26	22
31	76	25
22	53	28
26	29	27
50	40	19
54	10	12
47	66	24
30	50	33
12	17	15
15	14	11
50	30	21
50	15	19
48	21	20
12	38	5
