67	12	18	5
150	10000
35	35
35	35
14	37
56	37
47	47
6	38
65	35
65	20
12	24
18	24
5	5
32	12
41	49	10
35	17	7
55	45	13
15	30	26
25	30	3
20	50	5
10	43	9
55	60	16
30	60	16
50	35	19
30	25	23
15	10	20
10	20	19
5	30	2
45	20	11
45	10	18
35	40	16
41	37	16
40	60	21
31	52	27
35	69	23
53	52	11
65	55	14
20	20	8
40	25	9
42	7	5
11	14	18
8	56	27
13	52	36
49	58	10
37	31	14
63	23	2
53	12	6
36	26	18
21	24	28
17	34	3
24	58	19
27	69	10
56	39	36
37	47	6
37	56	5
47	16	25
44	17	9
46	13	8
49	11	18
49	42	13
53	43	14
61	52	3
57	48	23
55	54	26
15	47	16
11	31	7
16	22	41
4	18	35
28	18	26
26	52	9
26	35	15
31	67	3
15	19	1
22	22	2
26	27	27
25	24	20
22	27	11
25	21	12
19	21	10
20	26	9
18	18	17
2	48	1
20	65	12
60	12	31
6	68	30
64	42	9
63	65	8
30	5	8
45	65	9
57	29	18
20	40	12
15	60	17
23	3	7
55	20	19
2	60	5
27	43	9
57	68	15
62	77	20
15	77	9
55	5	29
45	30	17
24	12	5
49	73	25
67	5	25
