35	7	88	22
150	10000
35	35
35	35
27	68
49	73
20	20
27	43
53	52
35	17	7
25	30	3
10	43	9
30	60	16
45	10	18
64	42	9
35	69	23
63	65	8
5	5	16
11	14	18
6	38	16
57	29	18
21	24	28
17	34	3
27	69	10
56	39	36
37	47	6
53	43	14
57	48	23
56	37	6
22	22	2
19	21	10
20	26	9
20	26	9
36	16	10
17	33	41
62	42	8
7	38	28
58	48	6
37	69	11
38	46	12
46	10	23
5	6	7
25	32	25
56	37	10
26	52	9
48	28	18
31	32	29
8	52	10
25	24	20
24	58	19
8	56	27
21	10	13
45	35	15
28	18	26
51	21	5
15	47	16
52	41	15
20	50	5
41	37	16
23	3	7
65	20	6
4	18	35
49	42	13
49	49	30
21	47	15
49	58	10
46	13	8
50	35	19
15	60	17
13	13	9
30	5	8
52	33	11
47	47	13
17	63	19
60	12	31
45	30	17
15	10	20
35	40	16
52	64	16
30	15	16
62	63	17
41	49	10
45	20	11
30	25	23
36	26	18
42	57	8
27	23	3
22	27	11
10	17	27
67	5	25
55	60	16
42	41	19
12	42	21
30	48	15
20	40	12
63	69	6
5	25	23
12	24	13
40	60	21
43	67	14
44	17	9
49	11	18
47	16	25
53	12	6
26	27	27
63	23	2
37	52	7
32	12	7
18	18	17
14	37	11
65	55	14
59	15	14
39	10	10
16	22	41
15	77	9
2	48	1
5	30	2
5	64	11
42	7	5
18	24	22
58	27	19
37	56	5
6	68	30
55	20	19
25	21	12
40	25	9
26	35	15
15	19	1
45	65	9
62	77	20
55	45	13
10	20	19
15	30	26
20	65	12
55	5	29
65	35	3
31	52	27
2	60	5
24	12	5
13	52	36
37	31	14
57	68	15
61	52	3
55	54	26
11	31	7
31	67	3
40	30	21
31	62	23
57	58	28
16	57	16
61	33	26
32	22	9
32	39	5
25	55	17
