22	12	54	14
150	10000
40	50
40	50
60	85
5	35
23	55
45	30
45	70
53	35
22	75
42	68
30	32
5	45
45	68	10
42	66	10
42	65	10
40	66	20
38	68	20
38	70	10
22	85	10
20	85	40
30	50	10
30	52	20
28	52	20
25	50	10
25	52	40
23	55	10
23	52	10
10	40	30
48	40	10
47	40	10
88	30	10
87	30	10
66	55	10
65	55	20
33	35	10
30	35	10
28	30	10
30	30	10
68	60	30
58	75	20
50	30	10
28	55	10
45	35	10
50	40	50
10	35	20
42	15	10
48	30	10
67	85	20
20	55	10
25	35	10
60	80	10
88	35	20
55	80	10
33	32	20
35	69	10
35	30	10
55	85	20
8	40	40
40	15	40
40	69	20
60	60	10
15	75	20
20	50	10
15	80	10
70	58	20
85	35	30
0	40	30
8	45	20
65	60	30
92	30	10
65	85	40
75	55	20
72	55	10
63	58	10
40	5	30
35	5	20
20	80	40
0	45	20
95	35	20
38	5	30
85	25	10
32	30	10
90	35	10
26	32	10
42	10	40
18	75	20
47	35	10
95	30	30
35	66	10
25	85	20
2	40	20
35	32	10
28	35	10
25	30	10
44	5	20
38	15	10
50	35	20
53	30	10
45	65	20
60	55	10
65	82	10
62	80	30
