135	22	35	9
150	10000
35	35
35	35
50	40
55	50
16	57
55	20
56	37
13	52
42	57
5	64
21	45
12	42
31	32
38	46
11	31
15	47
50	30
62	63
49	58
57	48
13	13
65	55
41	49	10
35	17	7
55	45	13
55	20	19
15	30	26
25	30	3
20	50	5
10	43	9
55	60	16
30	60	16
20	65	12
50	35	19
10	20	19
15	60	17
45	65	9
45	20	11
45	10	18
65	35	3
35	40	16
64	42	9
31	52	27
35	69	23
53	52	11
63	65	8
20	20	8
5	5	16
60	12	31
40	25	9
24	12	5
11	14	18
6	38	16
8	56	27
47	47	13
37	31	14
57	29	18
63	23	2
53	12	6
36	26	18
21	24	28
17	34	3
24	58	19
27	69	10
56	39	36
37	47	6
47	16	25
44	17	9
46	13	8
49	11	18
49	42	13
53	43	14
55	54	26
14	37	11
16	22	41
26	52	9
26	35	15
15	19	1
22	22	2
18	24	22
26	27	27
25	24	20
22	27	11
25	21	12
19	21	10
20	26	9
18	18	17
37	52	7
49	49	30
52	64	16
20	26	9
40	30	21
21	47	15
17	63	19
31	62	23
52	33	11
51	21	5
36	16	10
52	41	15
27	23	3
17	33	41
57	58	28
62	42	8
7	38	28
27	68	7
30	48	15
43	67	14
58	48	6
58	27	19
37	69	11
46	10	23
61	33	26
45	35	15
59	15	14
5	6	7
10	17	27
32	39	5
25	32	25
25	55	17
48	28	18
56	37	10
22	22	18
36	26	26
45	35	30
33	34	19
50	50	15
55	45	16
26	59	29
40	66	26
55	65	37
35	51	16
62	35	12
62	24	8
9	56	13
44	13	28
26	13	12
11	28	6
7	43	27
17	64	14
41	46	18
55	34	17
35	16	29
43	26	22
26	29	27
54	10	12
60	15	14
47	66	24
30	60	16
30	50	33
12	17	15
15	14	11
16	19	18
21	48	17
51	42	27
50	15	19
48	21	20
12	38	5
67	5	25
41	37	16
15	10	20
32	12	7
21	36	19
57	68	15
33	44	20
42	41	19
31	76	25
21	10	13
62	48	15
42	7	5
63	69	6
49	73	25
65	20	6
62	57	31
37	56	5
12	24	13
27	43	9
30	5	8
61	52	3
22	53	28
6	68	30
5	30	2
32	22	9
55	5	29
30	25	23
39	10	10
2	48	1
4	18	35
40	60	21
45	30	17
31	67	3
15	77	9
52	26	13
20	40	12
2	60	5
23	3	7
62	77	20
28	18	26
5	25	23
8	52	10
30	15	16
66	14	22
