66	12	4	20
150	10000
40	50
40	50
60	80
20	55
50	35
22	85
45	65
32	30
88	35
63	58
8	45
35	69
45	68	10
45	70	30
42	66	10
42	68	10
42	65	10
40	69	20
40	66	20
38	68	20
38	70	10
35	66	10
25	85	20
20	85	40
18	75	20
15	75	20
30	50	10
30	52	20
28	52	20
28	55	10
25	50	10
25	52	40
23	55	10
23	52	10
23	55	20
10	40	30
8	40	40
5	45	10
2	40	20
0	40	30
35	30	10
35	32	10
33	32	20
33	35	10
30	30	10
30	32	30
30	35	10
28	30	10
28	35	10
26	32	10
25	30	10
25	35	10
42	15	10
40	5	30
40	15	40
38	5	30
38	15	10
35	5	20
50	30	10
50	40	50
48	30	10
48	40	10
47	35	10
47	40	10
45	30	10
45	35	10
95	30	30
90	35	10
88	30	10
87	30	10
70	58	20
68	60	30
66	55	10
65	55	20
65	60	30
67	85	20
65	85	40
62	80	30
22	75	30
75	55	20
60	55	10
53	30	10
20	80	40
15	80	10
20	50	10
10	35	20
5	35	10
0	45	20
44	5	20
42	10	40
95	35	20
92	30	10
53	35	50
85	25	10
85	35	30
72	55	10
60	60	10
65	82	10
60	85	30
58	75	20
55	80	10
55	85	20
