24	7	56	15
150	10000
35	35
35	35
55	60
2	60
24	58
30	60
55	54
55	45	13
25	30	3
45	20	11
45	10	18
53	52	11
20	20	8
21	24	28
56	39	36
47	16	25
44	17	9
46	13	8
53	43	14
56	37	6
16	22	41
15	19	1
22	22	2
18	24	22
26	27	27
25	24	20
22	27	11
25	21	12
19	21	10
20	26	9
18	18	17
57	29	18
12	24	13
6	38	16
27	43	9
41	37	16
13	52	36
26	35	15
41	49	10
65	20	6
4	18	35
65	55	14
31	67	3
15	47	16
26	52	9
60	12	31
55	20	19
57	68	15
6	68	30
15	10	20
63	65	8
23	3	7
5	30	2
11	14	18
30	25	23
49	58	10
64	42	9
14	37	11
27	69	10
49	42	13
55	5	29
40	60	21
10	20	19
20	50	5
37	47	6
37	31	14
24	12	5
35	17	7
49	11	18
57	48	23
67	5	25
35	40	16
30	5	8
36	26	18
49	73	25
45	65	9
8	56	27
53	12	6
50	35	19
15	60	17
2	48	1
37	56	5
61	52	3
5	5	16
40	25	9
28	18	26
47	47	13
15	30	26
10	43	9
20	65	12
20	40	12
65	35	3
45	30	17
31	52	27
35	69	23
42	7	5
63	23	2
32	12	7
17	34	3
15	77	9
62	77	20
11	31	7
