45	12	36	9
150	10000
35	35
35	35
22	27
31	52
15	60
41	49
20	40
15	77
44	17
5	30
20	26
16	22
55	45	13
15	30	26
25	30	3
30	25	23
10	20	19
45	20	11
45	10	18
65	20	6
35	40	16
40	60	21
35	69	23
53	52	11
20	20	8
40	25	9
42	7	5
37	31	14
63	23	2
53	12	6
36	26	18
21	24	28
17	34	3
12	24	13
27	69	10
56	39	36
37	47	6
47	16	25
46	13	8
49	11	18
49	42	13
53	43	14
57	48	23
56	37	6
55	54	26
14	37	11
11	31	7
28	18	26
31	67	3
15	19	1
22	22	2
18	24	22
26	27	27
25	24	20
25	21	12
19	21	10
18	18	17
64	42	9
10	43	9
2	48	1
32	12	7
61	52	3
57	68	15
65	35	3
62	77	20
6	38	16
15	47	16
49	58	10
67	5	25
47	47	13
30	60	16
4	18	35
2	60	5
55	5	29
45	30	17
35	17	7
60	12	31
11	14	18
13	52	36
24	58	19
30	5	8
55	20	19
57	29	18
63	65	8
26	35	15
23	3	7
45	65	9
55	60	16
20	50	5
24	12	5
27	43	9
50	35	19
37	56	5
20	65	12
15	10	20
41	37	16
65	55	14
5	5	16
8	56	27
6	68	30
49	73	25
26	52	9
