28	12	65	17
150	10000
10	45
10	45
48	83
78	9
99	50
10	40
14	40
76	6
90	15
85	85
25	45
89	52
31	5	13
32	5	6
35	7	5
34	6	15
35	5	15
24	36	12
78	3	12
79	3	8
84	9	3
85	8	4
85	85	14
85	85	10
87	87	8
87	87	16
90	90	19
90	90	5
46	89	13
46	89	35
18	30	11
18	40	15
21	39	16
20	40	4
18	41	16
20	44	7
20	45	11
14	50	8
13	40	7
18	31	11
99	89	13
46	9	19
15	42	21
5	40	20
50	80	13
17	35	10
44	86	7
25	3	7
85	55	17
95	80	17
92	42	10
73	6	13
85	1	7
86	46	12
32	9	5
50	85	28
28	33	12
35	85	14
34	9	11
22	44	10
15	36	8
10	35	7
39	3	12
93	84	7
30	50	7
87	7	4
46	83	9
86	41	18
82	7	5
15	51	6
40	5	13
92	52	9
18	49	9
84	3	11
94	44	7
30	55	12
87	5	2
96	42	5
89	46	14
79	11	15
89	43	20
16	33	7
94	48	13
18	53	7
86	44	14
36	3	18
54	90	10
25	1	25
16	45	9
82	3	6
33	38	13
99	46	4
22	51	7
25	52	10
16	54	5
46	87	11
76	13	7
93	82	17
37	83	17
93	89	16
83	80	13
94	42	11
16	38	8
79	5	16
20	50	11
31	7	14
47	6	17
73	8	18
76	10	4
84	5	10
83	83	11
94	86	14
35	87	16
50	88	7
54	86	3
11	42	4
16	48	11
20	55	12
25	37	13
30	46	11
25	35	4
5	50	13
