22	12	13	55
150	10000
35	35
35	35
67	5
57	29
62	77
47	16
11	14
35	69
45	10
20	20
55	20
63	23
55	45	13
25	30	3
45	20	11
53	52	11
21	24	28
56	39	36
44	17	9
46	13	8
53	43	14
56	37	6
55	54	26
16	22	41
15	19	1
22	22	2
18	24	22
26	27	27
25	24	20
22	27	11
25	21	12
19	21	10
20	26	9
18	18	17
35	17	7
30	5	8
40	60	21
35	40	16
31	52	27
26	52	9
37	56	5
49	42	13
24	58	19
27	69	10
6	68	30
20	65	12
15	10	20
41	49	10
15	30	26
20	50	5
10	43	9
55	60	16
30	60	16
50	35	19
30	25	23
10	20	19
5	30	2
20	40	12
15	60	17
45	65	9
55	5	29
65	35	3
65	20	6
45	30	17
41	37	16
64	42	9
65	55	14
63	65	8
2	60	5
5	5	16
60	12	31
40	25	9
42	7	5
24	12	5
23	3	7
6	38	16
2	48	1
8	56	27
13	52	36
47	47	13
49	58	10
27	43	9
37	31	14
53	12	6
32	12	7
36	26	18
17	34	3
12	24	13
15	77	9
49	73	25
37	47	6
57	68	15
49	11	18
61	52	3
57	48	23
15	47	16
14	37	11
11	31	7
4	18	35
28	18	26
26	35	15
31	67	3
