54	12	44	12
150	10000
10	45
10	45
32	9
89	46
31	5
85	8
89	43
24	36
54	86
78	3
50	80
25	3
25	1	25
32	5	6
31	7	14
34	9	11
35	7	5
34	6	15
35	5	15
73	6	13
73	8	18
79	3	8
79	5	16
82	3	6
84	3	11
84	5	10
84	9	3
87	5	2
87	7	4
86	44	14
86	46	12
92	42	10
94	42	11
94	44	7
96	42	5
85	85	12
85	85	14
85	85	10
87	87	8
87	87	16
90	90	19
90	90	5
93	82	17
93	84	7
35	85	14
35	87	16
46	89	13
46	83	9
46	87	11
46	89	35
48	83	5
18	30	11
14	40	11
18	40	15
21	39	16
20	40	4
18	41	16
20	44	7
22	44	10
20	45	11
14	50	8
15	51	6
13	40	7
18	31	11
25	37	13
25	35	4
85	55	17
16	54	5
10	35	7
44	86	7
17	35	10
99	46	4
76	10	4
16	48	11
20	55	12
95	80	17
40	5	13
25	45	17
5	40	20
18	49	9
5	50	13
28	33	12
93	89	16
99	50	21
11	42	4
76	13	7
22	51	7
16	45	9
78	9	13
15	42	21
86	41	18
46	9	19
85	1	7
18	53	7
94	86	14
50	88	7
33	38	13
54	90	10
37	83	17
10	40	12
90	15	9
50	85	28
83	80	13
15	36	8
36	3	18
39	3	12
79	11	15
99	89	13
16	38	8
76	6	17
47	6	17
82	7	5
89	52	16
92	52	9
94	48	13
83	83	11
30	55	12
20	50	11
30	50	7
30	46	11
25	52	10
16	33	7
