93	12	76	20
150	10000
35	35
35	35
25	24
65	35
37	69
49	49
43	26
61	33
47	16
35	51
11	31
10	17
35	17	7
55	45	13
55	20	19
25	30	3
20	50	5
10	43	9
30	60	16
45	65	9
45	10	18
64	42	9
31	52	27
35	69	23
63	65	8
20	20	8
5	5	16
24	12	5
11	14	18
6	38	16
8	56	27
57	29	18
63	23	2
53	12	6
36	26	18
21	24	28
17	34	3
24	58	19
27	69	10
56	39	36
37	47	6
46	13	8
49	42	13
53	43	14
57	48	23
56	37	6
14	37	11
15	19	1
22	22	2
26	27	27
22	27	11
19	21	10
20	26	9
18	18	17
37	52	7
20	26	9
21	47	15
17	63	19
31	62	23
12	42	21
36	16	10
52	41	15
27	23	3
17	33	41
13	13	9
62	42	8
7	38	28
27	68	7
30	48	15
58	48	6
58	27	19
38	46	12
46	10	23
62	63	17
45	35	15
59	15	14
5	6	7
25	32	25
56	37	10
22	22	18
36	26	26
21	45	11
45	35	30
55	20	21
33	34	19
50	50	15
55	45	16
26	59	29
62	35	12
62	24	8
9	56	13
44	13	28
26	13	12
17	64	14
35	16	29
26	29	27
50	40	19
54	10	12
60	15	14
30	60	16
30	50	33
12	17	15
16	19	18
21	48	17
51	42	27
55	50	10
18	24	22
2	60	5
15	77	9
7	43	27
41	46	18
23	3	7
62	57	31
47	47	13
5	25	23
35	40	16
60	12	31
32	39	5
47	66	24
63	69	6
25	21	12
41	49	10
32	22	9
51	21	5
55	65	37
6	68	30
49	58	10
15	14	11
45	20	11
55	54	26
15	60	17
25	55	17
5	64	11
65	55	14
30	15	16
42	57	8
52	64	16
43	67	14
26	52	9
15	10	20
48	28	18
12	24	13
57	68	15
49	11	18
33	44	20
31	67	3
20	40	12
52	33	11
57	58	28
41	37	16
39	10	10
28	18	26
50	35	19
55	60	16
61	52	3
11	28	6
32	12	7
13	52	36
62	77	20
4	18	35
31	32	29
27	43	9
50	30	21
45	30	17
44	17	9
67	5	25
12	38	5
53	52	11
21	36	19
48	21	20
26	35	15
40	30	21
5	30	2
50	15	19
42	7	5
37	56	5
40	60	21
49	73	25
8	52	10
15	30	26
31	76	25
20	65	12
30	25	23
30	5	8
10	20	19
55	5	29
65	20	6
40	25	9
2	48	1
37	31	14
15	47	16
16	22	41
42	41	19
16	57	16
21	10	13
40	66	26
62	48	15
66	14	22
55	34	17
52	26	13
22	53	28
