48	12	112	29
150	10000
35	35
35	35
55	60
27	23
41	49
24	12
31	67
11	28
60	15
49	58
44	13
4	18
35	17	7
55	45	13
55	20	19
25	30	3
30	60	16
45	10	18
20	20	8
5	5	16
6	38	16
8	56	27
63	23	2
36	26	18
17	34	3
27	69	10
37	47	6
57	48	23
56	37	6
15	19	1
22	22	2
19	21	10
20	26	9
49	49	30
20	26	9
21	47	15
17	63	19
36	16	10
52	41	15
17	33	41
7	38	28
27	68	7
58	48	6
38	46	12
46	10	23
45	35	15
59	15	14
5	6	7
56	37	10
22	22	18
36	26	26
45	35	30
55	20	21
55	45	16
9	56	13
17	64	14
35	16	29
30	60	16
16	19	18
21	48	17
47	66	24
46	13	8
30	50	33
30	48	15
28	18	26
42	7	5
2	60	5
55	34	17
13	52	36
62	24	8
43	26	22
20	65	12
2	48	1
26	35	15
65	35	3
18	18	17
5	64	11
62	35	12
64	42	9
65	20	6
50	35	19
47	47	13
45	65	9
16	22	41
26	29	27
20	50	5
5	30	2
62	63	17
10	20	19
58	27	19
20	40	12
7	43	27
31	32	29
57	58	28
48	28	18
12	38	5
41	46	18
51	42	27
33	34	19
37	31	14
18	24	22
26	13	12
37	52	7
40	30	21
65	55	14
35	40	16
50	40	19
42	41	19
30	5	8
61	33	26
53	52	11
21	36	19
21	10	13
33	44	20
23	3	7
61	52	3
48	21	20
50	50	15
62	77	20
43	67	14
21	24	28
55	54	26
53	43	14
8	52	10
31	52	27
41	37	16
11	31	7
62	42	8
12	24	13
66	14	22
53	12	6
60	12	31
37	56	5
47	16	25
62	48	15
40	25	9
55	5	29
12	42	21
25	32	25
57	68	15
67	5	25
55	50	10
49	11	18
16	57	16
35	69	23
52	26	13
30	25	23
13	13	9
52	33	11
63	65	8
10	43	9
22	53	28
22	27	11
32	12	7
63	69	6
56	39	36
52	64	16
62	57	31
50	30	21
31	62	23
55	65	37
49	73	25
45	30	17
42	57	8
32	39	5
21	45	11
35	51	16
24	58	19
44	17	9
45	20	11
5	25	23
37	69	11
15	30	26
15	10	20
15	60	17
40	60	21
11	14	18
6	68	30
27	43	9
57	29	18
15	77	9
49	42	13
15	47	16
14	37	11
26	52	9
26	27	27
25	24	20
25	21	12
51	21	5
32	22	9
10	17	27
30	15	16
39	10	10
25	55	17
26	59	29
40	66	26
31	76	25
54	10	12
12	17	15
15	14	11
50	15	19
