18	7	41	11
100	10000
40	40
40	40
9	56
35	51
20	30
59	5
40	66
21	45	11
26	59	29
62	24	8
55	34	17
52	26	13
50	40	19
30	60	16
12	17	15
15	14	11
16	19	18
21	48	17
50	30	21
51	42	27
54	38	19
65	27	14
64	4	13
38	33	10
40	37	20
22	22	18
29	39	12
33	44	20
30	50	33
35	60	1
50	4	8
40	20	10
62	57	31
45	42	30
15	56	22
55	57	22
17	64	14
48	21	20
50	70	9
11	28	6
36	6	15
60	15	14
7	43	27
54	10	12
70	64	24
55	50	10
43	26	22
6	25	26
67	41	16
55	20	21
40	60	21
12	38	5
45	35	30
21	36	19
36	26	26
57	72	37
31	76	25
55	45	16
55	65	37
30	20	18
66	14	22
22	53	28
62	48	15
15	5	28
26	29	27
26	13	12
33	34	19
50	50	15
62	35	12
44	13	28
41	46	18
35	16	29
47	66	24
50	15	19
10	70	7
66	8	11
27	24	6
