47	7	117	30
150	10000
35	35
35	35
57	29
55	45
2	48
27	68
50	15
35	17	7
55	45	13
55	20	19
25	30	3
30	60	16
45	10	18
20	20	8
5	5	16
6	38	16
8	56	27
63	23	2
36	26	18
17	34	3
27	69	10
37	47	6
57	48	23
56	37	6
15	19	1
22	22	2
19	21	10
20	26	9
49	49	30
20	26	9
21	47	15
17	63	19
36	16	10
52	41	15
17	33	41
7	38	28
58	48	6
38	46	12
46	10	23
45	35	15
59	15	14
5	6	7
56	37	10
22	22	18
36	26	26
45	35	30
55	20	21
9	56	13
17	64	14
35	16	29
60	15	14
30	60	16
16	19	18
21	48	17
42	41	19
30	5	8
37	52	7
40	25	9
35	40	16
13	13	9
21	36	19
58	27	19
46	13	8
5	30	2
64	42	9
49	58	10
31	67	3
18	18	17
26	35	15
39	10	10
65	55	14
10	17	27
14	37	11
63	65	8
63	69	6
62	35	12
7	43	27
12	17	15
15	77	9
66	14	22
20	65	12
31	52	27
53	52	11
41	46	18
26	27	27
45	20	11
11	28	6
31	62	23
40	66	26
55	65	37
24	12	5
21	10	13
55	34	17
10	43	9
30	50	33
52	26	13
22	27	11
51	21	5
11	14	18
67	5	25
62	48	15
43	26	22
62	42	8
6	68	30
56	39	36
52	33	11
20	40	12
31	76	25
15	14	11
33	44	20
55	54	26
2	60	5
53	12	6
8	52	10
65	20	6
12	24	13
30	15	16
24	58	19
26	13	12
15	10	20
51	42	27
65	35	3
48	28	18
43	67	14
49	42	13
62	24	8
47	16	25
53	43	14
30	25	23
15	47	16
5	64	11
13	52	36
61	33	26
62	57	31
27	23	3
25	24	20
31	32	29
5	25	23
37	56	5
55	5	29
28	18	26
45	30	17
27	43	9
47	47	13
32	22	9
62	77	20
21	45	11
20	50	5
35	51	16
30	48	15
35	69	23
50	50	15
52	64	16
57	58	28
37	69	11
40	30	21
16	57	16
32	12	7
4	18	35
44	13	28
15	30	26
10	20	19
23	3	7
49	73	25
25	21	12
50	40	19
15	60	17
47	66	24
22	53	28
37	31	14
42	57	8
41	49	10
55	60	16
50	35	19
45	65	9
41	37	16
40	60	21
60	12	31
42	7	5
21	24	28
57	68	15
44	17	9
49	11	18
61	52	3
11	31	7
16	22	41
26	52	9
18	24	22
12	42	21
62	63	17
32	39	5
25	32	25
25	55	17
33	34	19
26	59	29
26	29	27
55	50	10
54	10	12
50	30	21
48	21	20
12	38	5
