88	22	72	19
150	10000
35	35
35	35
52	64
14	37
57	48
17	63
52	26
5	5
2	60
32	12
31	67
65	35
54	10
17	33
35	17
27	69
15	19
13	13
22	22
27	43
43	67
35	40
55	45	13
55	20	19
25	30	3
20	50	5
10	43	9
30	60	16
45	65	9
45	10	18
64	42	9
31	52	27
35	69	23
63	65	8
20	20	8
24	12	5
11	14	18
6	38	16
8	56	27
57	29	18
63	23	2
53	12	6
36	26	18
21	24	28
17	34	3
24	58	19
56	39	36
37	47	6
46	13	8
49	42	13
53	43	14
56	37	6
22	22	2
26	27	27
25	24	20
22	27	11
19	21	10
20	26	9
18	18	17
37	52	7
49	49	30
20	26	9
21	47	15
31	62	23
12	42	21
36	16	10
52	41	15
27	23	3
62	42	8
7	38	28
27	68	7
30	48	15
58	48	6
58	27	19
37	69	11
38	46	12
46	10	23
61	33	26
62	63	17
45	35	15
59	15	14
5	6	7
10	17	27
25	32	25
56	37	10
36	26	26
21	45	11
45	35	30
55	20	21
33	34	19
50	50	15
55	45	16
26	59	29
35	51	16
62	35	12
62	24	8
9	56	13
44	13	28
26	13	12
17	64	14
35	16	29
26	29	27
50	40	19
60	15	14
30	60	16
30	50	33
12	17	15
16	19	18
21	48	17
51	42	27
61	52	3
50	30	21
20	40	12
65	20	6
25	21	12
5	64	11
28	18	26
48	21	20
41	46	18
26	52	9
60	12	31
20	65	12
57	58	28
67	5	25
12	38	5
51	21	5
16	22	41
39	10	10
15	60	17
15	77	9
55	54	26
47	66	24
49	11	18
32	22	9
47	16	25
22	53	28
53	52	11
62	77	20
47	47	13
42	57	8
49	73	25
31	32	29
40	60	21
49	58	10
50	15	19
44	17	9
5	30	2
40	25	9
45	30	17
12	24	13
42	7	5
55	65	37
42	41	19
6	68	30
30	15	16
5	25	23
45	20	11
4	18	35
37	56	5
2	48	1
65	55	14
8	52	10
26	35	15
50	35	19
7	43	27
30	25	23
25	55	17
40	66	26
41	49	10
55	50	10
13	52	36
11	31	7
11	28	6
66	14	22
55	5	29
33	44	20
21	10	13
57	68	15
55	60	16
52	33	11
41	37	16
32	39	5
15	30	26
15	10	20
30	5	8
10	20	19
23	3	7
37	31	14
15	47	16
18	24	22
40	30	21
16	57	16
63	69	6
48	28	18
62	57	31
21	36	19
62	48	15
55	34	17
43	26	22
31	76	25
15	14	11
