34	7	28	8
100	10000
40	40
40	40
15	5
21	48
35	60
55	20
50	70
22	22	18
21	45	11
45	35	30
33	34	19
50	50	15
55	45	16
26	59	29
35	51	16
62	24	8
55	34	17
52	26	13
22	53	28
26	29	27
50	40	19
55	50	10
47	66	24
30	60	16
30	50	33
12	17	15
15	14	11
16	19	18
50	30	21
51	42	27
54	38	19
65	27	14
40	60	21
64	4	13
30	20	18
45	42	30
38	33	10
66	8	11
59	5	3
27	24	6
40	37	20
29	39	12
44	13	28
67	41	16
50	4	8
50	15	19
40	66	26
31	76	25
9	56	13
43	26	22
26	13	12
35	16	29
15	56	22
62	48	15
40	20	10
11	28	6
62	57	31
17	64	14
10	70	7
55	57	22
33	44	20
7	43	27
70	64	24
36	6	15
66	14	22
55	65	37
54	10	12
36	26	26
57	72	37
62	35	12
21	36	19
41	46	18
60	15	14
48	21	20
12	38	5
6	25	26
20	30	11
