98	7	76	20
150	10000
35	35
35	35
35	40
22	22
50	15
15	14
8	52
35	17	7
55	45	13
55	20	19
25	30	3
20	50	5
10	43	9
30	60	16
45	65	9
45	10	18
64	42	9
31	52	27
35	69	23
63	65	8
20	20	8
5	5	16
24	12	5
11	14	18
6	38	16
8	56	27
57	29	18
63	23	2
53	12	6
36	26	18
21	24	28
17	34	3
24	58	19
27	69	10
56	39	36
37	47	6
46	13	8
49	42	13
53	43	14
57	48	23
56	37	6
14	37	11
15	19	1
22	22	2
26	27	27
25	24	20
22	27	11
19	21	10
20	26	9
18	18	17
37	52	7
49	49	30
20	26	9
21	47	15
17	63	19
31	62	23
12	42	21
36	16	10
52	41	15
27	23	3
17	33	41
13	13	9
62	42	8
7	38	28
27	68	7
30	48	15
58	48	6
58	27	19
37	69	11
38	46	12
46	10	23
61	33	26
62	63	17
45	35	15
59	15	14
5	6	7
10	17	27
25	32	25
56	37	10
36	26	26
21	45	11
45	35	30
55	20	21
33	34	19
50	50	15
55	45	16
26	59	29
35	51	16
62	35	12
62	24	8
9	56	13
44	13	28
26	13	12
17	64	14
35	16	29
26	29	27
50	40	19
54	10	12
60	15	14
30	60	16
30	50	33
12	17	15
16	19	18
21	48	17
51	42	27
10	20	19
40	66	26
13	52	36
57	58	28
32	22	9
49	73	25
16	22	41
44	17	9
37	56	5
11	28	6
2	48	1
66	14	22
12	38	5
15	77	9
52	26	13
52	33	11
55	60	16
32	12	7
25	55	17
15	30	26
5	30	2
62	48	15
15	10	20
22	53	28
43	67	14
62	57	31
23	3	7
55	54	26
41	49	10
40	30	21
47	16	25
42	41	19
16	57	16
48	28	18
4	18	35
6	68	30
52	64	16
26	35	15
49	11	18
15	60	17
37	31	14
57	68	15
60	12	31
32	39	5
27	43	9
43	26	22
62	77	20
47	66	24
18	24	22
5	25	23
21	10	13
65	20	6
41	37	16
40	25	9
45	20	11
30	25	23
20	40	12
25	21	12
53	52	11
21	36	19
67	5	25
65	55	14
55	34	17
42	7	5
31	76	25
20	65	12
7	43	27
51	21	5
12	24	13
31	32	29
65	35	3
31	67	3
26	52	9
28	18	26
48	21	20
39	10	10
50	35	19
30	5	8
55	5	29
45	30	17
40	60	21
2	60	5
47	47	13
49	58	10
61	52	3
15	47	16
11	31	7
42	57	8
63	69	6
5	64	11
30	15	16
55	65	37
33	44	20
41	46	18
55	50	10
50	30	21
