23	12	53	14
150	10000
35	35
35	35
5	5
37	56
10	20
50	35
2	60
57	68
15	30
25	21
63	65
45	10
55	45	13
25	30	3
45	20	11
53	52	11
20	20	8
21	24	28
56	39	36
47	16	25
44	17	9
46	13	8
53	43	14
56	37	6
55	54	26
16	22	41
15	19	1
22	22	2
18	24	22
26	27	27
25	24	20
22	27	11
19	21	10
20	26	9
18	18	17
45	65	9
11	14	18
47	47	13
55	5	29
15	77	9
13	52	36
55	60	16
49	11	18
27	43	9
5	30	2
30	25	23
35	40	16
27	69	10
4	18	35
26	52	9
61	52	3
10	43	9
63	23	2
30	60	16
20	50	5
31	52	27
65	20	6
55	20	19
24	58	19
67	5	25
64	42	9
31	67	3
40	60	21
6	68	30
32	12	7
57	29	18
26	35	15
57	48	23
49	42	13
60	12	31
45	30	17
8	56	27
53	12	6
42	7	5
41	37	16
15	10	20
12	24	13
37	31	14
2	48	1
24	12	5
6	38	16
62	77	20
30	5	8
14	37	11
65	35	3
35	69	23
17	34	3
65	55	14
41	49	10
35	17	7
20	65	12
20	40	12
15	60	17
40	25	9
23	3	7
49	58	10
36	26	18
49	73	25
37	47	6
15	47	16
11	31	7
28	18	26
