106	12	6	28
150	10000
35	35
35	35
35	69
15	19
21	24
45	35
28	18
11	14
36	26
52	64
23	3
10	20
35	17	7
55	45	13
55	20	19
15	30	26
25	30	3
20	50	5
10	43	9
55	60	16
30	60	16
20	65	12
50	35	19
30	25	23
15	10	20
15	60	17
45	65	9
45	20	11
45	10	18
65	20	6
45	30	17
35	40	16
41	37	16
64	42	9
40	60	21
31	52	27
53	52	11
63	65	8
20	20	8
5	5	16
60	12	31
40	25	9
24	12	5
6	38	16
8	56	27
6	68	30
47	47	13
37	31	14
57	29	18
63	23	2
32	12	7
17	34	3
24	58	19
27	69	10
56	39	36
37	47	6
37	56	5
47	16	25
44	17	9
46	13	8
49	11	18
49	42	13
53	43	14
57	48	23
56	37	6
55	54	26
16	22	41
26	52	9
26	35	15
22	22	2
18	24	22
26	27	27
25	24	20
22	27	11
25	21	12
19	21	10
20	26	9
18	18	17
37	52	7
49	49	30
20	26	9
40	30	21
21	47	15
17	63	19
31	62	23
52	33	11
12	42	21
36	16	10
52	41	15
27	23	3
17	33	41
13	13	9
57	58	28
62	42	8
42	57	8
16	57	16
8	52	10
7	38	28
27	68	7
43	67	14
58	48	6
58	27	19
37	69	11
38	46	12
46	10	23
62	63	17
63	69	6
32	22	9
59	15	14
5	6	7
10	17	27
21	10	13
30	15	16
32	39	5
25	32	25
25	55	17
48	28	18
56	37	10
61	33	26
49	58	10
49	73	25
61	52	3
20	40	12
67	5	25
41	49	10
30	5	8
5	30	2
55	5	29
65	35	3
65	55	14
2	60	5
42	7	5
2	48	1
13	52	36
27	43	9
53	12	6
12	24	13
15	77	9
62	77	20
57	68	15
15	47	16
14	37	11
11	31	7
4	18	35
31	67	3
51	21	5
42	41	19
31	32	29
5	25	23
30	48	15
5	64	11
39	10	10
