35	12	84	21
150	10000
35	35
35	35
53	43
26	52
49	58
37	31
53	52
30	5
25	32
5	30
53	12
2	60
35	17	7
25	30	3
10	43	9
30	60	16
45	10	18
64	42	9
35	69	23
63	65	8
20	20	8
5	5	16
11	14	18
6	38	16
57	29	18
21	24	28
17	34	3
27	69	10
56	39	36
37	47	6
57	48	23
56	37	6
22	22	2
19	21	10
20	26	9
20	26	9
36	16	10
17	33	41
62	42	8
7	38	28
27	68	7
58	48	6
37	69	11
38	46	12
46	10	23
5	6	7
56	37	10
32	12	7
17	63	19
31	32	29
45	35	15
16	22	41
41	49	10
14	37	11
25	55	17
20	50	5
49	49	30
13	13	9
18	18	17
28	18	26
31	52	27
61	52	3
16	57	16
55	60	16
15	77	9
65	20	6
6	68	30
44	17	9
52	41	15
52	64	16
26	35	15
46	13	8
42	41	19
63	23	2
31	62	23
49	11	18
2	48	1
62	77	20
67	5	25
22	27	11
36	26	18
58	27	19
5	25	23
59	15	14
48	28	18
42	57	8
10	20	19
45	20	11
30	25	23
37	56	5
60	12	31
52	33	11
30	15	16
18	24	22
63	69	6
49	42	13
42	7	5
8	52	10
4	18	35
55	54	26
24	12	5
21	47	15
12	24	13
50	35	19
15	30	26
55	20	19
31	67	3
25	24	20
65	55	14
24	58	19
57	58	28
62	63	17
15	47	16
41	37	16
39	10	10
45	65	9
43	67	14
51	21	5
55	5	29
40	25	9
57	68	15
61	33	26
45	30	17
49	73	25
40	30	21
8	56	27
26	27	27
13	52	36
15	10	20
27	23	3
35	40	16
55	45	13
20	65	12
20	40	12
15	60	17
65	35	3
40	60	21
23	3	7
47	47	13
27	43	9
47	16	25
11	31	7
15	19	1
25	21	12
37	52	7
12	42	21
30	48	15
32	22	9
10	17	27
21	10	13
5	64	11
32	39	5
