52	7	3	15
100	10000
40	40
40	40
70	64
26	29
48	21
44	13
30	50
22	22	18
21	45	11
45	35	30
55	20	21
33	34	19
50	50	15
55	45	16
26	59	29
40	66	26
35	51	16
62	24	8
21	36	19
33	44	20
9	56	13
66	14	22
11	28	6
41	46	18
55	34	17
35	16	29
52	26	13
22	53	28
50	40	19
55	50	10
54	10	12
60	15	14
47	66	24
30	60	16
12	17	15
15	14	11
16	19	18
21	48	17
50	30	21
51	42	27
50	15	19
15	56	22
29	39	12
54	38	19
6	25	26
65	27	14
40	60	21
64	4	13
30	20	18
20	30	11
50	70	9
45	42	30
38	33	10
66	8	11
59	5	3
35	60	1
27	24	6
40	20	10
40	37	20
55	65	37
50	4	8
62	57	31
36	26	26
62	35	12
62	48	15
26	13	12
7	43	27
17	64	14
43	26	22
31	76	25
12	38	5
55	57	22
67	41	16
10	70	7
36	6	15
15	5	28
57	72	37
