26	12	16	68
150	10000
10	45
10	45
83	83
20	40
73	8
94	86
32	5
85	55
18	53
35	7
95	80
87	87
31	5	13
34	6	15
35	5	15
24	36	12
78	3	12
79	3	8
84	9	3
85	8	4
85	85	12
85	85	14
85	85	10
87	87	8
90	90	19
90	90	5
46	89	13
46	89	35
18	30	11
14	40	11
18	40	15
21	39	16
18	41	16
20	44	7
20	45	11
14	50	8
13	40	7
18	31	11
16	54	5
85	1	7
99	89	13
79	11	15
86	46	12
34	9	11
82	3	6
25	3	7
16	38	8
50	88	7
83	80	13
28	33	12
20	50	11
22	51	7
76	13	7
35	85	14
25	1	25
31	7	14
32	9	5
46	9	19
47	6	17
40	5	13
39	3	12
36	3	18
73	6	13
76	6	17
76	10	4
78	9	13
79	5	16
82	7	5
90	15	9
84	3	11
84	5	10
87	5	2
87	7	4
86	41	18
86	44	14
89	43	20
89	46	14
89	52	16
92	42	10
92	52	9
94	42	11
94	44	7
94	48	13
96	42	5
99	46	4
99	50	21
93	82	17
93	84	7
93	89	16
37	83	17
50	80	13
35	87	16
44	86	7
46	83	9
46	87	11
48	83	5
50	85	28
54	86	3
54	90	10
10	35	7
10	40	12
17	35	10
15	42	21
11	42	4
22	44	10
16	45	9
25	45	17
30	55	12
18	49	9
16	48	11
20	55	12
15	51	6
33	38	13
30	50	7
15	36	8
25	37	13
30	46	11
25	52	10
16	33	7
25	35	4
5	40	20
5	50	13
