45	22	107	27
150	10000
35	35
35	35
62	57
37	52
62	48
20	20
22	22
6	68
5	30
30	5
42	41
37	47
35	17
55	60
15	30
31	67
54	10
25	32
56	39
15	10
62	35
20	65
55	45	13
55	20	19
25	30	3
30	60	16
45	10	18
5	5	16
6	38	16
8	56	27
63	23	2
36	26	18
17	34	3
27	69	10
57	48	23
56	37	6
15	19	1
19	21	10
20	26	9
49	49	30
20	26	9
21	47	15
17	63	19
36	16	10
52	41	15
17	33	41
7	38	28
27	68	7
58	48	6
38	46	12
46	10	23
45	35	15
59	15	14
5	6	7
56	37	10
22	22	18
36	26	26
45	35	30
55	20	21
55	45	16
9	56	13
17	64	14
35	16	29
60	15	14
30	60	16
16	19	18
21	48	17
45	20	11
31	76	25
31	32	29
30	48	15
25	24	20
26	35	15
46	13	8
32	22	9
28	18	26
40	66	26
49	11	18
24	58	19
4	18	35
48	28	18
55	65	37
45	65	9
27	23	3
15	47	16
52	64	16
44	13	28
50	15	19
47	66	24
61	33	26
10	20	19
47	47	13
40	25	9
41	49	10
41	46	18
53	12	6
20	40	12
15	60	17
25	55	17
60	12	31
30	15	16
62	24	8
57	68	15
48	21	20
2	60	5
2	48	1
35	51	16
18	24	22
22	53	28
21	36	19
11	14	18
11	28	6
21	45	11
63	69	6
31	52	27
55	50	10
50	35	19
52	26	13
20	50	5
42	7	5
49	42	13
65	55	14
44	17	9
61	52	3
7	43	27
63	65	8
26	27	27
49	73	25
24	12	5
26	52	9
31	62	23
53	43	14
12	24	13
40	30	21
67	5	25
39	10	10
16	22	41
13	13	9
37	31	14
26	59	29
37	56	5
32	12	7
21	24	28
42	57	8
52	33	11
35	69	23
30	50	33
64	42	9
55	5	29
26	13	12
65	20	6
15	77	9
12	42	21
47	16	25
43	26	22
41	37	16
58	27	19
16	57	16
11	31	7
55	34	17
23	3	7
45	30	17
10	43	9
62	63	17
33	44	20
43	67	14
55	54	26
37	69	11
13	52	36
62	42	8
49	58	10
5	64	11
53	52	11
18	18	17
30	25	23
65	35	3
35	40	16
40	60	21
27	43	9
57	29	18
62	77	20
14	37	11
22	27	11
25	21	12
51	21	5
5	25	23
57	58	28
8	52	10
10	17	27
21	10	13
32	39	5
33	34	19
50	50	15
66	14	22
26	29	27
50	40	19
12	17	15
15	14	11
50	30	21
51	42	27
12	38	5
