29	7	68	18
150	10000
10	45
10	45
20	40
76	13
10	40
94	48
34	9
31	5	13
32	5	6
35	7	5
34	6	15
35	5	15
24	36	12
78	3	12
79	3	8
84	9	3
85	8	4
85	85	12
85	85	14
85	85	10
87	87	8
87	87	16
90	90	19
90	90	5
46	89	13
46	89	35
18	30	11
14	40	11
18	40	15
21	39	16
18	41	16
20	44	7
20	45	11
14	50	8
13	40	7
18	31	11
94	42	11
20	50	11
82	3	6
99	46	4
47	6	17
76	10	4
85	1	7
39	3	12
40	5	13
16	33	7
73	6	13
99	89	13
32	9	5
83	83	11
16	48	11
89	43	20
35	85	14
78	9	13
25	52	10
25	3	7
15	36	8
15	51	6
17	35	10
46	9	19
30	55	12
54	86	3
50	85	28
11	42	4
84	5	10
92	52	9
94	86	14
33	38	13
94	44	7
79	5	16
18	53	7
89	52	16
86	41	18
79	11	15
48	83	5
28	33	12
25	35	4
87	5	2
22	51	7
37	83	17
99	50	21
93	84	7
83	80	13
82	7	5
5	50	13
85	55	17
50	80	13
35	87	16
46	83	9
73	8	18
92	42	10
25	45	17
22	44	10
16	54	5
25	37	13
30	50	7
18	49	9
30	46	11
86	44	14
93	82	17
15	42	21
96	42	5
5	40	20
54	90	10
25	1	25
31	7	14
36	3	18
76	6	17
90	15	9
84	3	11
87	7	4
86	46	12
89	46	14
93	89	16
95	80	17
44	86	7
46	87	11
50	88	7
10	35	7
16	38	8
16	45	9
20	55	12
